000 01 050 12 002
001 05 051 21 050
002 01 200 21 052
003 06 051 21 053 
004 01 052 0C 053 
005 06 051 10 009 
006 01 055 05 053 
007 21 055 01 053 
008 06 051 21 053 
009 0F 00B 01 053  
00A 06 051 21 053  
00B 06 051 0F 004  
00C 01 050 21 056  
00D 01 056 13 00F 
00E 13 010 05 051 
00F 21 056 01 201 
010 06 055 06 051
011 0F 00C 01 201
012 21 057 06 051
013 21 058 01 057
014 0C 058 06 051
015 0F 017 01 059
016 05 058 21 059
017 01 058 06 051
018 21 058 06 051
019 10 012 01 059
01A 06 052 06 051
01B 0F 01D 01 054
01C 05 051 21 05A
01D 01 054 06 051
01E 21 054 0F 000
01F 01 050 06 05B
020 21 050 01 050
021 13 022 05 051
022 21 050 01 200
023 21 052 21 053
024 0B 05C 21 05D
025 01 052 0C 053
026 06 051 10 02A
027 01 055 05 053
028 21 055 01 053
029 06 051 21 053
02A 0F 02C 01 053
02B 06 051 21 053
02C 06 051 0F 025
02D 01 052 06 055
02E 06 051 10 030
02F 01 05E 05 051
030 21 05E 01 05B
031 06 051 21 05B
032 10 025 01 200


050 00000000200 #endereco
051 00000000001 #const1
052 0000000000 #aux1
053 0000000000 #aux2
054 0000000004 #tamanho
055 0000000000 #somador 1
056 0000000201 #endereço aux 
057 0000000000 #aux 3
058 0000000000 #aux 4
059 0000000000 #somador 2
05A 0000000000 #numeros amigos

200 0000000006
201 0000000201
202 0000000202
203 0000000203
204 0000000204
205 0000000205
206 0000000206
207 0000000207
208 0000000208
209 0000000209