000 01 158 21 150
001 01 155 12 003
002 05 154 21 155
003 01 100 21 151
004 21 152 0D 005
005 01 151 0C 152
006 06 154 10 008
007 01 150 05 154
008 21 150 01 152
009 06 154 21 152
00A 06 154 0F 005
00B 0D 00E 01 152
00C 06 154 31 152
00D 06 154 0F 005
00E 01 150 06 157
00F 0F 010 0D 001
010 01 300 01 154
011 21 300 01 153
012 06 154 21 153
013 0F 000 01 300

100 0000000010
101 0000000011
102 0000000001
103 0000000110
104 0000000111
105 0000000101
106 0000001010
107 0000011011
108 0000011101
109 0000000100

150 00000000  # numero de divisores
151 0000000  #aux1
152 0000000 #aux2
153 00000009  #tamanho vetor
154 00000001  #const
155 00000100 #endereco
156 00000003 #const 3
157 00000002 #const 2
158 00000000 #ZER0
300 0000000 #numero de primos