000 01 020 05 024
001 21 020 01 100
002 21 021 21 022
003 01 020 12 005
004 05 024 21 020
005 03 101 21 025
006 06 021 0F 009
007 03 022 06 021
008 0F 009 0D 00D
009 01 025 0C 023
00A 06 024 10 00D
00B 01 020 06 024
00C 12 00C 01 100
00D 21 022 01 020
00E 06 024 13 00F
00F 01 100 21 021
010 01 26 06 024
011 21 26 0F 003

020 000000100 #endereço
021 000000000 #maior par
022 000000000 #menor impar
023 000000002 #divisor
024 000000001 #const
025 000000000 #AUX
026 000000001 #tamanho
027 000000000

100 00000000001
101 00000000010
102 00000000002
103 00000000003
104 00000000004
105 00000000006
106 00000000005
107 00000000007
108 00000000008
109 00000000009
10A 0000000000A
10B 0000000000B
10C 00000000003
10D 00000000012
10E 00000000011
10F 00000000013
110 00000000014
111 00000000015
112 00000000016
113 00000000001