000 01 100 21 050
001 01 051 05 053
002 13 003 21 051
003 01 101 06 050
004 0F 005 0D 00B
005 01 051 13 006
006 01 101 21 050
007 01 051 12 009
008 06 053 13 009
009 13 00B 01 100
00A 21 101 01 050
00B 21 101 01 052
00C 06 053 21 052
00D 0F 001 01 054
00E 12 011 05 053
00F 21 054 01 055
010 13 012 05 053
011 21 054 01 100
012 21 300 01 056
013 05 053 21 056
014 16 00D 00 000

050 000000 #AUX
051 000100 # ENDEREÇO
052 00000E #TAMANHO
053 000001 #CONTS
054 000100 # ENDEREÇO INIT
055 000300 #ENDEREÇO END
056 00000E #tamanho aux

100 000000000000
101 000000000000
102 000000000000
103 000000000000
104 000000000000
105 000000000000
106 000000000000
107 000000000000
108 000000000000
109 000000000000
10A 000000000000
10B 000000000000
10C 000000000000
10D 000000000000
10E 000000000000